-0.00146484375 1670165142302
0 1670165142323
0.00048828125 1670165142345
0.00146484375 1670165142369
-0.00048828125 1670165142393
0 1670165142412
-0.001953125 1670165142436
-0.0029296875 1670165142457
0.00830078125 1670165142479
-0.00390625 1670165142502
0.00537109375 1670165142525
0.0078125 1670165142547
-0.00244140625 1670165142567
-0.01171875 1670165142589
0.00048828125 1670165142612
0.00634765625 1670165142636
0.021484375 1670165142657
0 1670165142679
-0.00048828125 1670165142700
0.0029296875 1670165142722
0.00048828125 1670165142745
-0.0048828125 1670165142766
-0.00732421875 1670165142789
0.00341796875 1670165142810
0.00244140625 1670165142833
0 1670165142854
-0.0009765625 1670165142878
0.00244140625 1670165142898
-0.001953125 1670165142919
0.0009765625 1670165142941
-0.00341796875 1670165142963
-0.01171875 1670165142985
0.00146484375 1670165143017
0.0009765625 1670165143029
-0.00244140625 1670165143051
0.00048828125 1670165143076
-0.001953125 1670165143096
-0.00048828125 1670165143118
0.001953125 1670165143140
0.0029296875 1670165143162
-0.00244140625 1670165143183
-0.00048828125 1670165143205
-0.005859375 1670165143227
-0.00244140625 1670165143250
-0.001953125 1670165143271
-0.00244140625 1670165143294
-0.001953125 1670165143317
0 1670165143339
-0.00146484375 1670165143361
-0.00048828125 1670165143381
-0.0068359375 1670165143404
-0.00244140625 1670165143427
-0.00341796875 1670165143449
-0.0029296875 1670165143471
-0.0029296875 1670165143491
0.0009765625 1670165143513
-0.00048828125 1670165143536
-0.00048828125 1670165143557
-0.00732421875 1670165143577
-0.0009765625 1670165143598
-0.0048828125 1670165143619
-0.0029296875 1670165143641
-0.001953125 1670165143663
-0.0068359375 1670165143683
0.001953125 1670165143706
0.00146484375 1670165143725
-0.00146484375 1670165143747
0.05126953125 1670165143768
0 1670165143790
-0.00634765625 1670165143810
-0.01611328125 1670165143836
-0.0029296875 1670165143858
0.00732421875 1670165143879
0.06982421875 1670165143901
-0.01611328125 1670165143921
0.0478515625 1670165143944
0.04150390625 1670165143967
0.064453125 1670165143987
-0.021484375 1670165144010
0.00341796875 1670165144033
-0.00732421875 1670165144057
0.126953125 1670165144078
0.0361328125 1670165144100
-0.00830078125 1670165144120
0.03125 1670165144143
0.00830078125 1670165144164
-0.009765625 1670165144187
0.08642578125 1670165144208
0.13232421875 1670165144231
0.1455078125 1670165144251
0.14599609375 1670165144277
0.17822265625 1670165144297
0.0859375 1670165144317
-0.01220703125 1670165144340
0.01806640625 1670165144361
0.21484375 1670165144383
0.27978515625 1670165144405
0.15283203125 1670165144426
0.046875 1670165144448
0.05615234375 1670165144469
0.1142578125 1670165144491
0.17822265625 1670165144512
0.0048828125 1670165144535
-0.08349615335464478 1670165144556
-0.04150390625 1670165144579
-0.059570252895355225 1670165144605
0.01220703125 1670165144621
-0.00537109375 1670165144642
-0.15478509664535522 1670165144665
-0.19287109375 1670165144687
0.05126953125 1670165144709
0.0859375 1670165144731
0.00146484375 1670165144754
-0.12158203125 1670165144776
-0.16650396585464478 1670165144798
-0.00048828125 1670165144819
0.09716796875 1670165144843
0.08203125 1670165144866
0.1123046875 1670165144889
0.03857421875 1670165144913
-0.03564453125 1670165144934
-0.06445306539535522 1670165144956
-0.09326171875 1670165144977
-0.07177740335464478 1670165144999
-0.00390625 1670165145019
-0.12109375 1670165145041
-0.259765625 1670165145063
-0.07324224710464478 1670165145085
0.03759765625 1670165145108
0.00146484375 1670165145130
0.005859375 1670165145152
-0.1298828125 1670165145173
-0.06298822164535522 1670165145197
0.06591796875 1670165145217
0.10302734375 1670165145239
0.02490234375 1670165145259
0.009765625 1670165145282
0.0263671875 1670165145302
0.01806640625 1670165145323
0.0634765625 1670165145347
0.07470703125 1670165145370
0.0556640625 1670165145390
0.015625 1670165145410
0.0185546875 1670165145431
0.09326171875 1670165145453
0.1123046875 1670165145488
-0.0986328125 1670165145498
-0.17431646585464478 1670165145518
-0.13134765625 1670165145542
-0.07910162210464478 1670165145562
-0.02392578125 1670165145585
0.0732421875 1670165145605
0.029296875 1670165145627
-0.061523377895355225 1670165145650
-0.052734315395355225 1670165145670
-0.062011659145355225 1670165145693
-0.11083984375 1670165145713
-0.08642578125 1670165145734
-0.0869140625 1670165145755
-0.09716796875 1670165145777
-0.06445306539535522 1670165145800
-0.01025390625 1670165145822
-0.03564453125 1670165145844
-0.056152284145355225 1670165145865
-0.04345703125 1670165145886
-0.015625 1670165145908
-0.08056646585464478 1670165145928
-0.17529302835464478 1670165145950
-0.18359380960464478 1670165145973
-0.1181640625 1670165145996
-0.091796875 1670165146016
-0.07080084085464478 1670165146038
-0.048828065395355225 1670165146058
-0.062011659145355225 1670165146080
-0.047851502895355225 1670165146103
0.001953125 1670165146125
-0.02783203125 1670165146146
-0.058105409145355225 1670165146169
-0.07177740335464478 1670165146188
-0.049316346645355225 1670165146209
-0.025390625 1670165146231
0.025390625 1670165146252
-0.054687440395355225 1670165146275
-0.057617127895355225 1670165146298
-0.04296875 1670165146318
0.01025390625 1670165146340
-0.02197265625 1670165146361
-0.02099609375 1670165146383
0.03515625 1670165146405
-0.00537109375 1670165146428
-0.04296875 1670165146449
0.0009765625 1670165146472
0.0673828125 1670165146493
0.09130859375 1670165146515
0.05126953125 1670165146536
-0.0224609375 1670165146558
-0.12451171875 1670165146578
-0.15771478414535522 1670165146600
-0.06738287210464478 1670165146622
-0.03271484375 1670165146644
0.03369140625 1670165146666
0.11865234375 1670165146687
0.0869140625 1670165146710
0.0771484375 1670165146730
-0.06787115335464478 1670165146752
-0.15527337789535522 1670165146773
-0.17382818460464478 1670165146795
-0.16064447164535522 1670165146817
-0.07910162210464478 1670165146838
0.02734375 1670165146860
0.0302734375 1670165146883
-0.03271484375 1670165146904
-0.1435546875 1670165146925
-0.1875 1670165146947
-0.107421875 1670165146968
-0.013671875 1670165146989
-0.08007818460464478 1670165147012
-0.10205078125 1670165147035
-0.01953125 1670165147059
0.05029296875 1670165147077
-0.0234375 1670165147100
-0.11083984375 1670165147122
-0.055664002895355225 1670165147144
0.03564453125 1670165147166
0.01953125 1670165147187
0.001953125 1670165147209
-0.04443359375 1670165147231
-0.134765625 1670165147252
-0.1015625 1670165147276
0.03466796875 1670165147295
0.083984375 1670165147317
0.05859375 1670165147338
0.0439453125 1670165147360
0.05029296875 1670165147382
0.0185546875 1670165147404
0.01416015625 1670165147427
0.0126953125 1670165147448
-0.01025390625 1670165147470
-0.06933599710464478 1670165147492
-0.07177740335464478 1670165147516
-0.01953125 1670165147537
-0.00048828125 1670165147558
-0.03125 1670165147581
-0.03759765625 1670165147604
0.0068359375 1670165147625
-0.033203125 1670165147647
-0.06982427835464478 1670165147669
-0.062499940395355225 1670165147691
-0.00537109375 1670165147712
0.03369140625 1670165147735
0.02197265625 1670165147757
-0.0029296875 1670165147781
-0.06689459085464478 1670165147801
-0.09326171875 1670165147824
-0.12060546875 1670165147850
-0.04150390625 1670165147868
0.02978515625 1670165147889
-0.00390625 1670165147910
-0.017578125 1670165147933
0.0048828125 1670165147953
-0.0048828125 1670165147975
-0.07275396585464478 1670165147998
-0.119140625 1670165148017
-0.10302734375 1670165148038
-0.08105474710464478 1670165148061
-0.04248046875 1670165148082
0.0390625 1670165148105
0.03759765625 1670165148127
0.01513671875 1670165148148
-0.015625 1670165148169
-0.03515625 1670165148193
-0.01904296875 1670165148214
0.03759765625 1670165148235
0.0751953125 1670165148257
0.06591796875 1670165148280
-0.055664002895355225 1670165148303
-0.10888671875 1670165148327
-0.1064453125 1670165148347
-0.08642578125 1670165148366
-0.060058534145355225 1670165148389
-0.01953125 1670165148409
-0.0361328125 1670165148430
-0.08642578125 1670165148452
-0.18066412210464478 1670165148477
-0.16064447164535522 1670165148497
0.00341796875 1670165148520
0.07958984375 1670165148541
0.0244140625 1670165148565
-0.0849609375 1670165148586
-0.14892572164535522 1670165148608
-0.11328125 1670165148629
-0.00634765625 1670165148650
0.0322265625 1670165148673
-0.00146484375 1670165148695
-0.06640630960464478 1670165148716
-0.051269471645355225 1670165148739
-0.03076171875 1670165148760
0.0048828125 1670165148781
-0.07373052835464478 1670165148804
0.01806640625 1670165148825
0.03955078125 1670165148847
-0.12353515625 1670165148869
-0.16845709085464478 1670165148894
0.02978515625 1670165148914
0.00341796875 1670165148935
-0.0849609375 1670165148959
-0.053222596645355225 1670165148980
-0.0205078125 1670165149001
-0.03173828125 1670165149024
-0.048339784145355225 1670165149044
-0.07080084085464478 1670165149065
-0.058105409145355225 1670165149087
0.00634765625 1670165149109
-0.00732421875 1670165149131
-0.1123046875 1670165149153
-0.09619140625 1670165149175
0.05029296875 1670165149197
0.03173828125 1670165149218
-0.057128846645355225 1670165149240
-0.0322265625 1670165149262
-0.055175721645355225 1670165149284
-0.00048828125 1670165149304
0.10595703125 1670165149327
-0.0263671875 1670165149350
-0.01708984375 1670165149370
-0.052246034145355225 1670165149393
-0.07861334085464478 1670165149414
-0.11767578125 1670165149438
-0.09326171875 1670165149458
-0.14013671875 1670165149480
-0.06542974710464478 1670165149502
0.0341796875 1670165149523
0.115234375 1670165149545
0.0673828125 1670165149565
-0.09765625 1670165149587
-0.1181640625 1670165149608
-0.037109375 1670165149629
0.0673828125 1670165149650
-0.0341796875 1670165149672
-0.15185540914535522 1670165149695
-0.046386659145355225 1670165149715
0.1494140625 1670165149737
0.1142578125 1670165149759
-0.14843744039535522 1670165149781
-0.15771478414535522 1670165149804
-0.00732421875 1670165149825
0.0859375 1670165149848
0.04345703125 1670165149870
-0.09619140625 1670165149893
-0.0029296875 1670165149913
0.0048828125 1670165149935
-0.06494146585464478 1670165149957
-0.07324224710464478 1670165149980
-0.06835943460464478 1670165150001
0.0126953125 1670165150023
0.08740234375 1670165150045
0.0615234375 1670165150067
0.13134765625 1670165150089
0.01611328125 1670165150111
-0.07861334085464478 1670165150134
-0.06835943460464478 1670165150156
0.15185546875 1670165150177
0.13330078125 1670165150197
0.00830078125 1670165150218
-0.045898377895355225 1670165150240
0.09228515625 1670165150262
0.23193359375 1670165150283
-0.0224609375 1670165150305
-0.26220703125 1670165150327
-0.18359380960464478 1670165150347
0.1005859375 1670165150368
0.21923828125 1670165150392
-0.10693359375 1670165150413
-0.04345703125 1670165150435
-0.1923828125 1670165150456
0.10107421875 1670165150479
0.275390625 1670165150499
-0.0107421875 1670165150520
-0.19091796875 1670165150541
-0.01611328125 1670165150563
0.14501953125 1670165150584
0.1435546875 1670165150607
0.0185546875 1670165150627
0.00341796875 1670165150648
-0.00341796875 1670165150669
0.06787109375 1670165150690
0.18701171875 1670165150713
0.1572265625 1670165150737
0.1005859375 1670165150757
0.111328125 1670165150780
-0.0244140625 1670165150801
-0.10595703125 1670165150824
-0.1142578125 1670165150847
-0.02685546875 1670165150868
0.05908203125 1670165150890
-0.0048828125 1670165150912
-0.11572265625 1670165150935
-0.17724615335464478 1670165150957
-0.009765625 1670165150978
0.10009765625 1670165151000
0.0498046875 1670165151020
-0.0341796875 1670165151045
-0.0009765625 1670165151064
0.03369140625 1670165151087
0.04638671875 1670165151108
0.01904296875 1670165151129
-0.056640565395355225 1670165151151
-0.00146484375 1670165151173
0.041015625 1670165151195
0.01708984375 1670165151215
0.0517578125 1670165151237
0.015625 1670165151261
-0.01025390625 1670165151281
-0.00732421875 1670165151302
0.06103515625 1670165151325
-0.001953125 1670165151349
0.01025390625 1670165151371
0.0263671875 1670165151393
0.0048828125 1670165151415
-0.029296875 1670165151436
-0.0361328125 1670165151459
0.068359375 1670165151480
-0.01708984375 1670165151501
0.00244140625 1670165151523
0.00244140625 1670165151544
0.00341796875 1670165151568
0.00634765625 1670165151588
0.02392578125 1670165151612
0.00439453125 1670165151635
-0.00927734375 1670165151656
0.0322265625 1670165151679
-0.03271484375 1670165151701
-0.00634765625 1670165151724
0.01708984375 1670165151745
0.0107421875 1670165151768
-0.00341796875 1670165151790
0 1670165151812
0.00048828125 1670165151833
-0.00146484375 1670165151854
-0.00146484375 1670165151876
-0.00048828125 1670165151896
-0.00244140625 1670165151917
-0.00146484375 1670165151940
-0.00048828125 1670165151961
-0.001953125 1670165151986
0 1670165152006
0 1670165152028
-0.001953125 1670165152051
-0.00146484375 1670165152072
0.00146484375 1670165152096
0 1670165152118
0.00048828125 1670165152138
-0.0009765625 1670165152160
-0.00244140625 1670165152182
0.00048828125 1670165152204
-0.00146484375 1670165152226
-0.00146484375 1670165152247
-0.0009765625 1670165152269
-0.001953125 1670165152293
-0.00146484375 1670165152312
-0.00048828125 1670165152333
0.00146484375 1670165152357
0 1670165152377
0.00048828125 1670165152398
0.00048828125 1670165152419
-0.00146484375 1670165152441
-0.00048828125 1670165152462
0.00048828125 1670165152484
0 1670165152505
0 1670165152527
-0.00146484375 1670165152547
-0.001953125 1670165152569
-0.001953125 1670165152590
0.00048828125 1670165152612
-0.00146484375 1670165152632
-0.00244140625 1670165152653
0.00048828125 1670165152677
0.00048828125 1670165152697
0.001953125 1670165152721
0.001953125 1670165152740
0.00048828125 1670165152761
0.00048828125 1670165152786
0 1670165152807
0 1670165152828
-0.00146484375 1670165152850
-0.001953125 1670165152871
-0.0009765625 1670165152893
0.0009765625 1670165152915
-0.00244140625 1670165152937
0.0009765625 1670165152959
0 1670165152983
0.00048828125 1670165153003
-0.00146484375 1670165153026
-0.00048828125 1670165153048
-0.00048828125 1670165153069
0.0029296875 1670165153092
-0.00146484375 1670165153113
0.00048828125 1670165153134
0.0009765625 1670165153157
-0.00146484375 1670165153183
-0.001953125 1670165153202
-0.00146484375 1670165153224
-0.00048828125 1670165153246
-0.00146484375 1670165153269
-0.00048828125 1670165153290
0.00048828125 1670165153312
-0.00146484375 1670165153335
0 1670165153357
-0.0009765625 1670165153378
-0.0009765625 1670165153400
-0.00048828125 1670165153423
0.0009765625 1670165153444
-0.0009765625 1670165153465
-0.00146484375 1670165153488
0.00146484375 1670165153507
0.00048828125 1670165153531
-0.00048828125 1670165153552
0 1670165153573
-0.0009765625 1670165153596
0.00048828125 1670165153619
0.00048828125 1670165153639
0 1670165153661
-0.00048828125 1670165153683
-0.001953125 1670165153705